1024	0.0	0.0
2028	0.07407407407407407	0.13333333333333333
3056	0.19047619047619047	0.4
4072	0.2727272727272727	0.5384615384615384
5149	0.29411764705882354	0.38461538461538464
6153	0.2839506172839506	0.23076923076923078
7204	0.3473684210526316	0.7142857142857143
8253	0.35714285714285715	0.4117647058823529
9254	0.36507936507936506	0.42857142857142855
10272	0.3356643356643357	0.11764705882352941
11315	0.33544303797468356	0.3333333333333333
12403	0.4011627906976744	1.1428571428571428
13441	0.42473118279569894	0.7142857142857143
14519	0.4577114427860697	0.8666666666666667
15530	0.4790697674418605	0.7857142857142857
16589	0.4890829694323144	0.6428571428571429
17596	0.5145228215767634	1.0
18642	0.5	0.26666666666666666
19687	0.4944237918215613	0.38461538461538464
Message stats for scenario default_scenario
sim_time: 20000.1000
created: 273
delivered: 136
delivery_prob: 0.4982
