1024	0.0	0.0
2028	0.07407407407407407	0.13333333333333333
3056	0.21428571428571427	0.4666666666666667
4072	0.34545454545454546	0.7692307692307693
5149	0.36764705882352944	0.46153846153846156
6153	0.4074074074074074	0.6153846153846154
7204	0.4421052631578947	0.6428571428571429
8253	0.48214285714285715	0.7058823529411765
9254	0.5079365079365079	0.7142857142857143
10272	0.5034965034965035	0.47058823529411764
11315	0.5063291139240507	0.5333333333333333
12403	0.5697674418604651	1.2857142857142858
13441	0.5967741935483871	0.9285714285714286
14519	0.6318407960199005	1.0666666666666667
15530	0.6511627906976745	0.9285714285714286
16589	0.6637554585152838	0.8571428571428571
17596	0.6887966804979253	1.1666666666666667
18642	0.67578125	0.4666666666666667
19687	0.6914498141263941	1.0
Message stats for scenario default_scenario
sim_time: 20000.1000
created: 273
delivered: 187
delivery_prob: 0.6850
