1024	0.0	0.0
2028	0.07407407407407407	0.13333333333333333
3056	0.21428571428571427	0.4666666666666667
4072	0.32727272727272727	0.6923076923076923
5149	0.35294117647058826	0.46153846153846156
6153	0.4074074074074074	0.6923076923076923
7204	0.45263157894736844	0.7142857142857143
8253	0.48214285714285715	0.6470588235294118
9254	0.5	0.6428571428571429
10272	0.4825174825174825	0.35294117647058826
11315	0.5063291139240507	0.7333333333333333
12403	0.5813953488372093	1.4285714285714286
13441	0.6129032258064516	1.0
14519	0.6467661691542289	1.0666666666666667
15530	0.6558139534883721	0.7857142857142857
16589	0.6681222707423581	0.8571428571428571
17596	0.6846473029045643	1.0
18642	0.6875	0.7333333333333333
19687	0.7026022304832714	1.0
Message stats for scenario default_scenario
sim_time: 20000.1000
created: 273
delivered: 190
delivery_prob: 0.6960
