1024	0.0	0.0
2028	0.07407407407407407	0.13333333333333333
3056	0.19047619047619047	0.4
4072	0.2727272727272727	0.5384615384615384
5149	0.29411764705882354	0.38461538461538464
6153	0.32098765432098764	0.46153846153846156
7204	0.4	0.8571428571428571
8253	0.4017857142857143	0.4117647058823529
9254	0.4126984126984127	0.5
10272	0.3776223776223776	0.11764705882352941
11315	0.3924050632911392	0.5333333333333333
12403	0.47674418604651164	1.4285714285714286
13441	0.5053763440860215	0.8571428571428571
14519	0.5522388059701493	1.1333333333333333
15530	0.5674418604651162	0.7857142857142857
16589	0.5851528384279476	0.8571428571428571
17596	0.6099585062240664	1.0833333333333333
18642	0.609375	0.6
19687	0.620817843866171	0.8461538461538461
20704	0.6289752650176679	0.7857142857142857
21713	0.6385135135135135	0.8461538461538461
22794	0.6410256410256411	0.6875
23822	0.654320987654321	1.0
24885	0.6863905325443787	1.4285714285714286
25909	0.6866096866096866	0.6923076923076923
26910	0.6978021978021978	1.0
27929	0.7063492063492064	0.9285714285714286
28971	0.7175572519083969	1.0
29987	0.7139364303178484	0.625
31051	0.7341176470588235	1.25
32061	0.7262443438914027	0.5294117647058824
33083	0.73568281938326	1.0833333333333333
34092	0.7521367521367521	1.2857142857142858
35102	0.7567567567567568	0.9230769230769231
36118	0.7540322580645161	0.6666666666666666
37121	0.7490196078431373	0.5714285714285714
38158	0.7514231499051234	0.8235294117647058
39244	0.7380073800738007	0.26666666666666666
40313	0.7441860465116279	0.9411764705882353
41400	0.7395833333333334	0.5882352941176471
42467	0.7538200339558574	1.3846153846153846
Message stats for scenario default_scenario
sim_time: 43200.1000
created: 600
delivered: 456
delivery_prob: 0.7600
