1024	0.0	0.0
2028	0.07407407407407407	0.13333333333333333
3056	0.21428571428571427	0.4666666666666667
4072	0.34545454545454546	0.7692307692307693
5149	0.36764705882352944	0.46153846153846156
6153	0.41975308641975306	0.6923076923076923
7204	0.4421052631578947	0.5714285714285714
8253	0.48214285714285715	0.7058823529411765
9254	0.5238095238095238	0.8571428571428571
10272	0.5244755244755245	0.5294117647058824
11315	0.5189873417721519	0.4666666666666667
12403	0.5930232558139535	1.4285714285714286
13441	0.6344086021505376	1.1428571428571428
14519	0.6318407960199005	0.6
15530	0.6511627906976745	0.9285714285714286
16589	0.6724890829694323	1.0
17596	0.6929460580912863	1.0833333333333333
18642	0.671875	0.3333333333333333
19687	0.6877323420074349	1.0
Message stats for scenario default_scenario
sim_time: 20000.1000
created: 273
delivered: 188
delivery_prob: 0.6886
