1024	0.0	0.0
2028	0.07407407407407407	0.13333333333333333
3056	0.21428571428571427	0.4666666666666667
4072	0.34545454545454546	0.7692307692307693
5149	0.36764705882352944	0.46153846153846156
6153	0.41975308641975306	0.6923076923076923
7204	0.45263157894736844	0.6428571428571429
8253	0.49107142857142855	0.7058823529411765
9254	0.5	0.5714285714285714
10272	0.4755244755244755	0.29411764705882354
11315	0.4810126582278481	0.5333333333333333
12403	0.5755813953488372	1.6428571428571428
13441	0.6129032258064516	1.0714285714285714
14519	0.6368159203980099	0.9333333333333333
15530	0.6558139534883721	0.9285714285714286
16589	0.6681222707423581	0.8571428571428571
17596	0.6929460580912863	1.1666666666666667
18642	0.703125	0.8666666666666667
19687	0.7063197026022305	0.7692307692307693
Message stats for scenario default_scenario
sim_time: 20000.1000
created: 273
delivered: 194
delivery_prob: 0.7106
