1024	0.0	0.0
2028	0.07407407407407407	0.13333333333333333
3056	0.19047619047619047	0.4
4072	0.2727272727272727	0.5384615384615384
5149	0.29411764705882354	0.38461538461538464
6153	0.2839506172839506	0.23076923076923078
7204	0.3473684210526316	0.7142857142857143
8253	0.35714285714285715	0.4117647058823529
9254	0.36507936507936506	0.42857142857142855
10272	0.3356643356643357	0.11764705882352941
11315	0.33544303797468356	0.3333333333333333
12403	0.3953488372093023	1.0714285714285714
13441	0.41935483870967744	0.7142857142857143
14519	0.44776119402985076	0.8
15530	0.4697674418604651	0.7857142857142857
16589	0.4759825327510917	0.5714285714285714
17596	0.49377593360995853	0.8333333333333334
18642	0.484375	0.3333333333333333
19687	0.483271375464684	0.46153846153846156
Message stats for scenario default_scenario
sim_time: 20000.1000
created: 273
delivered: 132
delivery_prob: 0.4835
