1024	0.0	0.0
2028	0.07407407407407407	0.13333333333333333
3056	0.21428571428571427	0.4666666666666667
4072	0.34545454545454546	0.7692307692307693
5149	0.36764705882352944	0.46153846153846156
6153	0.41975308641975306	0.6923076923076923
7204	0.45263157894736844	0.6428571428571429
8253	0.4642857142857143	0.5294117647058824
9254	0.49206349206349204	0.7142857142857143
10272	0.4825174825174825	0.4117647058823529
11315	0.4873417721518987	0.5333333333333333
12403	0.563953488372093	1.4285714285714286
13441	0.5967741935483871	1.0
14519	0.6218905472636815	0.9333333333333333
15530	0.641860465116279	0.9285714285714286
16589	0.6462882096069869	0.7142857142857143
17596	0.6680497925311203	1.0833333333333333
18642	0.66015625	0.5333333333333333
19687	0.6691449814126395	0.8461538461538461
Message stats for scenario default_scenario
sim_time: 20000.1000
created: 273
delivered: 181
delivery_prob: 0.6630
