1024	0.0	0.0
2028	0.07407407407407407	0.13333333333333333
3056	0.19047619047619047	0.4
4072	0.3090909090909091	0.6923076923076923
5149	0.3382352941176471	0.46153846153846156
6153	0.4074074074074074	0.7692307692307693
7204	0.4631578947368421	0.7857142857142857
8253	0.48214285714285715	0.5882352941176471
9254	0.48412698412698413	0.5
10272	0.46153846153846156	0.29411764705882354
11315	0.4873417721518987	0.7333333333333333
12403	0.5813953488372093	1.6428571428571428
13441	0.6075268817204301	0.9285714285714286
14519	0.6318407960199005	0.9333333333333333
15530	0.6511627906976745	0.9285714285714286
16589	0.6637554585152838	0.8571428571428571
17596	0.6887966804979253	1.1666666666666667
18642	0.703125	0.9333333333333333
19687	0.7026022304832714	0.6923076923076923
Message stats for scenario default_scenario
sim_time: 20000.1000
created: 273
delivered: 190
delivery_prob: 0.6960
